 AC TIME SUMMARY
 OPERATION DATE: 22DEC18

 ACT  TAIL       ACT BLK    SKD BLK    FLT TME
 EQPT NUMBER     HHHHHMM    HHHHHMM    HHHHHMM
 ---- ------     -------    -------    -------
 EQA  402           1003       1023        827
 EQA  403            832        844        711
 EQA  404           1421       1409       1219
 EQA  405            909        924        417
 EQA  406           1143       1139        939
 EQA  407           1224       1234       1029
 EQA  408            719        723        444
 EQA  409           1403       1412       1140
 EQA  410           1444       1418       1209
 EQA  411           1940       1734       1429
 EQA  412           2113       1920       1902
 EQA  413           1224       1244       1049
 EQA  414           1442       1704       1347
 EQA  415           1429       1429       1242
 EQA  416           1024       1030        818
 EQA  421           1724       1903       1444
 EQA  422           1401       1402       1207
 EQA  423           1109       1139        931
 EQA  424           1229       1239       1033
 EQA  425           1422       1414       1142
 EQA  426           1040       1111        941
 EQA  427           1703       1449       1341
 EQA  428           1209       1220       1030
 EQA  429           1418       1441       1217
 EQA  430           1244       1344       1041
 EQA  431            924        904        412
 EQA  432           1917       1909       1444
 EQA  434           1118       1139        943
 EQA  435           1014       1044        832
 EQA  436            832        832        712
 ---- ------     -------    -------    -------
 EQA               37943      38442      32314

 EQB  997           1142       1244        947
 EQB  998           1344       1422       1239
 ---- ------     -------    -------    -------
 EQB                2437       2717       2239

 EQC  901           1339       1408       1111
 EQC  902           1727       1849       1423
 EQC  903           1444       1902       1304
 EQC  904           1914       1701       1408
 EQC  905           1049       1049        832
 EQC  906           1331       1403       1127
 EQC  907           1247       1344       1043
 EQC  908           1838       1837       1442
 EQC  909           1112       1139        909
 EQC  911           1940       1949       1717
 EQC  912           1200       1231        948
 EQC  913           1204       1934        941
 EQC  914           1337       1341       1040
 EQC  915           1244       1244       1020
 EQC  916            948       1047        829
 EQC  917           1208       1248       1008
 EQC  918           1212       1141        931
 EQC  919           1807       1924       1444
 EQC  920           1242       1344       1047
 EQC  921           1144       1214        940
 EQC  922           1107       1128        942
 EQC  923           1237       1229        942
 EQC  924           1012       1009        738
 EQC  925           1349       1414       1134
 EQC  926           1243       1347       1100
 EQC  927            244        244        214
 EQC  928           1019       1029        744
 EQC  929           1939       1941       1433
 EQC  930           1432       1439       1220
 EQC  931           1904       1930       1449
 EQC  932           1801       1809       1414
 EQC  933            904       1029        701
 EQC  934           1929       1703       1441
 EQC  935           1803       1748       1421
 EQC  936           1214       1229       1019
 EQC  937            939        940        749
 EQC  938           1049       1140        903
 EQC  939           1224       1309       1021
 EQC  940           1224       1248       1019
 EQC  941           1109       1134        930
 EQC  942           1014       1033        804
 EQC  943           1109       1044        849
 EQC  944           1402       1439       1211
 EQC  945           1412       1441       1219
 EQC  946           1934       1944       1334
 EQC  947            909       1003        731
 EQC  948           1147       1148        922
 EQC  949           1138       1242       1002
 EQC  950           1220       1248        948
 EQC  951           1230       1349       1109
 EQC  952           1349       1330       1104
 EQC  953           1200       1323       1013
 EQC  954           1304       1341       1119
 EQC  955           1419       1443       1129
 EQC  956           1817       1901       1449
 EQC  960           1327       2044       1048 **
 EQC  961           1321       1340       1113
 EQC  962           1007       1019        829
 EQC  963           1240       1242       1030
 EQC  964           1142       1210       1010
 EQC  965           1933       1721       1413
 EQC  966            748        804        940
 ---- ------     -------    -------    -------
 EQC               81208      84220      97727 **

 EQD  967           1238       1319       1104
 EQD  968           1038       1114        922
 EQD  969           1430       1413       1249
 EQD  970           1444       1931       1333
 EQD  971           1114       1120        928
 EQD  972           1407       1408       1130
 EQD  973           1420       1419       1224
 EQD  974           1231       1320       1040
 EQD  975           1331       1343       1118
 EQD  976           1104       1143        941
 EQD  978           1149       1223       1009
 EQD  979           1418       1443       1137
 EQD  920           1409       1444       1212
 EQD  921           1240       1247       1101
 EQD  922           1449       1418       1241
 EQD  923           1247       1322       1122
 EQD  925           1240       1327       1127
 EQD  924           1113       1443        947
 EQD  925           1404       1347       1108
 EQD  926           1300       1343       1044
 EQD  928           1747       1749       1444
 EQD  929           1241       1227       1011
 EQD  980           1312       1320       1049
 EQD  981           1047       1144        943
 EQD  982           1104       1127        921
 EQD  983           1907       1447       1322
 EQD  984           1143       1149        934
 EQD  984           1200       1248       1011
 EQD  989           1200       1129        927
 EQD  987            909        948        729
 ---- ------     -------    -------    -------
 EQD               38844      40427      32904

 EQE  902           1244       1233       1039
 EQE  903           1038       1139        902
 EQE  904           1231       1147        944
 EQE  905           1244       1719       1124
 EQE  906           1429       2013       1332
 EQE  907           1940       1719       1444
 EQE  908           1119       1132        919
 EQE  910           1804       1847       1902
 EQE  911           1144       1142       1018
 EQE  913           1319       1420       1110
 EQE  914           1902       1903       1941
 EQE  919           1308       1409       1137
 EQE  918           1133       1141        949
 EQE  919           1248       1247       1039
 EQE  920           1939       1934       1440
 EQE  921            944       1044        809
 ---- ------     -------    -------    -------
 EQE               21848      23244      18744


 TOT              182421     190141     144007 **


 ** = ERRORS FOUND
